2.900648119793599600e-01
3.316905960076287074e-02
-7.601147322043269594e-02
-4.425692538415806898e-02
1.300125917601920866e-01
-1.525123984084840456e-01
-4.723643191478561765e-02
-6.166626272590335078e-02
4.501675551592904112e-02
7.336036751243096843e-02
1.042614716640781203e-01
-4.815438200918852746e-03
7.494946911643603216e-02
-3.702556324312525349e-02
-7.224936439165915991e-02
1.266505432567125167e-01
-7.975165376940084039e-02
-6.752456054061710400e-02
1.091224597217649722e-01
-1.511451383521492942e-01
-4.626679023469529306e-02
1.692718234365356983e-02
1.143872884485216540e-01
1.029683747829839707e-02
-1.215062044921343676e-01
-1.192176458199881023e-01
2.625606073233558574e-02
-3.702556324312525349e-02
-4.815438200918852746e-03
-1.215062044921343676e-01
-7.224936439165915991e-02
-1.192176458199881023e-01
1.091224597217649722e-01
-7.975165376940084039e-02
1.692718234365356983e-02
2.625606073233558574e-02
7.494946911643603216e-02
1.143872884485216540e-01
1.266505432567125167e-01
-1.511451383521492942e-01
-4.626679023469529306e-02
-6.752456054061710400e-02
1.029683747829839707e-02
6.130386008737223058e-01
-1.297636293981067057e-01
-4.423937955851704393e-03
-1.312246980709722358e-02
-2.880939261458218548e-01
6.381960592248743513e-02
-4.058621422679908886e-01
3.346123179938222947e-01
7.935485804569705759e-02
-2.615877888351177405e-01
4.062571555973807508e-02
-5.952475318536528531e-02
2.871924818250242567e-02
-1.320447651347970153e-01
-1.245318624889507342e-01
-3.125756282197573177e-01
-3.348719188400832436e-02
7.750321752888503224e-02
1.987545429520435128e-02
1.595273924300084079e-01
-4.144837113888750757e-01
4.703921756294223572e-02
-1.765902990993552246e-01
-4.080344217915519711e-01
9.567124093580939292e-02
1.829246668138195531e-01
1.958193081122398538e-01
1.613833312742452009e-02
-4.070122615998523208e-01
6.334460998585544900e-02
5.739276950727850712e-02
1.899536019112038968e-02
-5.680612946896677895e-02
-1.587235331972782493e-01
1.587235331972795260e-01
2.600880508795152757e+00
2.379874897456656369e-01
4.267253689596400279e-01
1.716950361162698779e-02
7.467780557278486109e-02
-2.864592570405731786e-01
1.264871660701726575e-01
1.316600564864357954e-02
-8.372690699725178209e-01
-1.239395675666291191e-01
4.691293768811869574e-02
-2.319002134687446481e-01
4.572460729937143087e-02
7.277861914572396340e-02
6.327030135454141113e-02
1.755019501468002008e-01
8.060781855331794477e-02
6.381960592248743513e-02
1.443578685858545596e-01
1.148430220824852299e-01
-5.051195157068297942e-02
7.122708655795305377e-03
7.045054756835600340e-02
4.025709492512586501e-02
-7.998759333565717833e-02
-7.549195953607243381e-02
-1.575274661330473280e-01
2.344700205855163866e-01
1.335927794665572599e-01
-1.668053414748049690e-01
1.233062068879869910e-01
5.551955846683860607e-02
8.685495856378408486e-02
9.080218645978574421e-02
-2.117203730387519633e-01
-1.784875929891355933e-02
9.908477089947753669e-02
-2.002694741131975098e-01
1.525929798226108580e-01
-7.781826455056965741e-02
1.295067394088916246e-01
5.039393501015064503e-02
-1.711491341689873324e-01
4.807194859869930170e-02
3.792007970259948096e-02
