1.791906172463013647e-01
-1.831592521353560959e-02
1.719784922747189665e-02
-6.748488715671138727e-02
7.177205925363373817e-02
-4.399724194032212862e-03
-3.224865039909424747e-02
-4.814466053192207468e-02
1.136888038382970027e-02
8.017703625485632368e-02
3.434864046404292881e-02
-1.596503854977129183e-02
6.221277887188036981e-02
-4.675434893755017751e-02
-7.235009663918977318e-02
7.466045233236714984e-02
-3.744276090431939569e-02
-4.746532980260514956e-02
7.794689853133487945e-02
-2.410276428886200598e-02
-6.519104942497741528e-02
-3.851634444003791680e-02
1.021029494086526795e-01
-6.900160585863696766e-03
-5.936385359515977678e-02
-6.071117557899283201e-02
4.451645655451464539e-02
-4.675434893755017751e-02
-1.596503854977129183e-02
-5.936385359515977678e-02
-7.235009663918977318e-02
-6.071117557899283201e-02
7.794689853133487945e-02
-3.744276090431939569e-02
-3.851634444003791680e-02
4.451645655451464539e-02
6.221277887188036981e-02
1.021029494086526795e-01
7.466045233236714984e-02
-2.410276428886200598e-02
-6.519104942497741528e-02
-4.746532980260514956e-02
-6.900160585863696766e-03
2.589708933980149341e-01
6.546998537571514266e-03
-2.737924374655677923e-02
-3.024776861049084664e-02
-7.130330952172730941e-02
5.011464275494038889e-02
-2.056604129174500473e-01
1.614189237006879440e-01
7.019373075712127819e-02
-7.133442163964161253e-02
-1.881376713161025949e-02
-4.918967181006281275e-02
6.748617305428761259e-02
-1.046919618377869232e-01
-3.694199903101180738e-02
-8.586625896475566511e-02
-3.823508191558601648e-03
-5.875150000694304153e-02
-2.423628114371826833e-02
5.588844600719970052e-02
-2.066267568684210937e-02
5.547448418720139773e-02
-2.899885051252065749e-02
-1.436956213273872796e-01
-8.603170256829967277e-02
1.652404974462248488e-01
2.044388440624636261e-01
-9.784217139900203142e-02
-1.066010990263934789e-02
1.105172266963776531e-02
-2.466477717324681330e-03
1.932638153711878706e-02
-5.686649803113132118e-02
-8.057668263590223034e-02
8.057668263590225810e-02
2.610743211024854071e-01
1.466892363337040928e-01
1.798468829795730750e-01
3.993955532384351609e-02
1.448179335351392795e-02
-3.365135794240308592e-02
-6.047527011370895135e-03
-3.878223523402955786e-02
-6.157064712639791215e-02
6.372990279378643735e-03
5.487345644436363891e-03
-9.485252966649487458e-03
-2.002441088183375129e-02
-4.287177128333072296e-02
1.595366499590006315e-02
-8.437360883352375274e-03
-1.791393959676976233e-02
1.731765935044009969e-02
3.326914271659216910e-02
-1.755004639157051530e-02
-2.476791762377350201e-02
1.724579354445616997e-02
-5.868820316599161237e-03
2.956043496127697470e-02
-1.469658284014986084e-02
-1.288722947665999451e-02
-8.098451688188625444e-03
3.450548399915942532e-02
-3.191517042168458967e-02
-2.672052716369055156e-02
3.775670207699006325e-02
-3.318309904850220982e-03
-1.119620433692103401e-02
3.779459766963948197e-02
1.192371106500216807e-04
-3.305978572260019968e-03
9.446134483193877399e-03
-3.042033455509255552e-02
-3.138453691516110422e-02
-8.848469592425273200e-03
-2.403659854454046410e-02
7.510119611417073737e-02
-4.787795645303636119e-03
4.092271626221702374e-02
2.469604002629865319e-02
