4.024393066274464803e-01
1.547579145750759277e-01
2.448898985099452474e-01
2.376591275103699274e+00
3.916582014440082582e-01
3.752347698140226506e-01
1.157542434457234926e-01
1.009953175660621358e-02
-6.748024929051005261e-02
5.287171441193821986e-02
9.458554829930951313e-02
-1.558536191810863114e-01
-4.669505899556223444e-02
-1.622773399000700112e-01
-3.475228729274268402e-02
-3.041048640032118500e-01
-2.346820314439944377e-01
-3.674616929800409992e-01
-4.019008188960582206e-01
-1.989226277679497779e-01
-1.517016102020401214e-01
-2.484221759878020297e-01
6.806060613473643994e-02
1.013326098453041640e-01
4.434521641529848290e-01
2.021972585811262491e-01
-1.743571182350593385e-01
2.257321930279555244e-01
-2.163851960385214102e-01
2.368888914540530910e-01
6.539966580467945767e-02
-3.415891320522491115e-01
4.365099855798750678e-02
1.139830445657414426e+00
-1.841500131756002023e-01
-7.428809633023341075e-01
-1.984594016961538365e-01
-2.735699484778598700e-01
-2.367729914937644585e-03
7.547442181101940428e-02
2.554780502258791053e-02
3.440134936570738433e-01
-1.016013962629603723e-01
-1.746821502870194165e-01
-1.178303403016617151e-01
-2.665960769409613795e-01
-4.391803083968251475e-01
1.534493753931399085e-01
-5.107789788136364584e-02
1.081284910532415294e-01
9.371390068432121356e-02
-7.150266627317582169e-02
-3.884099204509932485e-02
-3.256242475973122885e-01
4.306757608733830511e-01
-4.422790098053590579e-01
-1.038683939558526920e-01
2.242606047381320578e-01
7.859657648834979249e-02
-5.463248738383730957e-02
-1.698166005689227820e-02
1.412313041824234811e-02
-1.835236572163383498e-02
1.644178810990551062e-02
1.638595767717626606e-01
9.569398273363243293e-03
8.983616280768045789e-03
-3.399999091799800199e-01
1.431470060666373105e-02
-2.727366125510114481e-01
-1.482068915155043687e-01
1.584609418708610717e-01
-7.186233477555977606e-03
-1.215619362418024832e-02
-4.212114294194130304e-02
-3.369525362343264024e-02
-1.246320570087629392e-01
-3.061478747457956340e-01
1.077458701074244032e-02
-1.082332079565073296e-01
9.720989754370283620e-02
1.007670400803299948e-01
-7.125381536891649270e-02
2.505653233349298264e-02
6.556342153099098402e-02
-1.103223274694433570e-02
6.004142092514429957e-02
-3.042910400190475956e-02
1.471541395217694850e-02
-4.366029324175300930e-02
2.750046391840082691e-02
-1.508730488722181406e-01
-1.643177048292510378e-01
2.155206874851586796e-01
-2.756694656577543187e-02
-1.503738829720168702e-01
-3.447354709963651367e-03
4.938547307266015485e-02
-3.769537540732471187e-02
-1.656932611703261504e-01
5.585813445908959646e-02
-1.420041346193080256e-01
1.723954224974026950e-01
1.406994514269902519e-01
-6.810444438400578560e-02
-6.200728547193976037e-02
