4.115712153797244088e-01
-1.431026723585865183e-02
8.180626079661915129e-02
6.041204547333195451e-02
2.396870657874209942e-01
-2.073988347200817622e-02
1.582211918744791390e-02
-1.453647556111688222e-01
-1.541828024122115226e-01
1.310939782359886174e-01
-3.144399186497270210e-02
-1.861295380867936111e-02
3.091038794304465376e-01
-6.036265400752134636e-02
-1.620994695089682247e-01
2.710551494490437974e-01
-6.953418994946339304e-02
-2.356063910679755402e-01
3.037311337276773493e-01
-4.125833056553798728e-02
-1.306596317307641142e-01
-8.535761167071118094e-02
3.238567146366190808e-01
-1.159766206258498467e-01
-9.188675475615608323e-02
-1.076175660265883821e-01
2.280565019388327772e-02
-6.036265400752134636e-02
-1.861295380867936111e-02
-9.188675475615608323e-02
-1.620994695089682247e-01
-1.076175660265883821e-01
3.037311337276773493e-01
-6.953418994946339304e-02
-8.535761167071118094e-02
2.280565019388327772e-02
3.091038794304465376e-01
3.238567146366190808e-01
2.710551494490437974e-01
-4.125833056553798728e-02
-1.306596317307641142e-01
-2.356063910679755402e-01
-1.159766206258498467e-01
7.948519245079869178e-01
-7.512713824427373621e-02
-1.338326114300404657e-01
-1.314382846650248571e-01
-2.281722274561817643e-01
2.883148323956868930e-02
-5.616127639342846090e-01
3.833871350062512118e-01
3.881720917559398215e-02
-9.623085623150670620e-02
-2.776405398291225974e-03
-1.460009430242460993e-01
5.913905936575493405e-02
-2.807153504737913141e-01
-1.291510422007616787e-01
-1.540555285681976805e-01
-4.771824421867438409e-02
-1.414182986878016191e-01
-1.262321116391605137e-02
3.625666176294337628e-01
-6.688400684200131174e-02
-1.632472953293175348e-03
-1.499599436122778240e-01
-4.022309781429782016e-01
-3.461884030188778771e-01
7.191883940009939913e-01
2.210819426056464532e-01
-2.513056482737932029e-01
-5.739346783727207468e-02
1.503837877060913708e-01
-1.668664261696501117e-01
3.971473460141240058e-02
-5.621037539456856524e-02
-3.907194522546695858e-01
3.907194522546695858e-01
3.776345390259562840e-01
2.752521599364575189e-01
4.207333863101058724e-01
9.175765593906872256e-03
-2.601465359562123852e-02
-2.885107294689069624e-02
8.443941191389445905e-03
-5.917779606439658655e-03
-1.091170242944477370e-01
-2.385402293245435235e-02
-7.464522352637012817e-03
-2.352550368705118647e-02
1.959405525728055014e-02
-1.733872915238164961e-02
2.664863778012453374e-02
4.029656450117456018e-02
1.731040639957550156e-02
6.487607853756400264e-04
3.880121451952112804e-02
3.276934747951749938e-02
-4.175331625068866293e-02
6.275167149069227346e-02
-9.405755760761302930e-03
1.727282772727124771e-02
-2.170548420120739508e-02
-2.479118727458738680e-02
-4.810353213864110300e-03
4.929440697642018671e-02
-7.196943002620521772e-03
-1.252222589762771662e-02
-2.442015858543328255e-02
-4.039890570291938821e-02
-2.227738038989103553e-02
4.001123785443880948e-02
-4.524886877828039090e-03
1.403476749922394178e-02
2.792498317716286121e-02
-4.033634233333282387e-02
1.006546965886477053e-02
-9.792066967730652868e-03
-3.927033421474816766e-03
2.054988514092603163e-02
-3.639041476578154521e-02
-2.073988347200817622e-02
-3.007957841203366331e-02
