-1.520664703928047146e-01
-3.046999613041902720e-03
-1.869485344006581798e-02
-2.578411479203205833e-02
-7.867178736825813923e-02
1.035319105987500023e-02
-1.526873060774288152e-02
2.764954600549131974e-02
6.056204069612581425e-02
-3.289755628680662847e-02
3.382443536863190357e-03
-8.969821634936194985e-03
-8.142633242067753852e-02
2.071443503988036963e-02
4.457509999710730642e-02
-7.346597301914890854e-02
2.432682205139129195e-02
7.153242667809224520e-02
-1.066323914845537651e-01
1.155991685004598320e-02
3.104628467234876732e-02
1.542464115035225951e-02
-9.941304557950476906e-02
4.470402693212458672e-02
3.713662935663633591e-02
3.510807383439304430e-02
-2.847813383353516069e-04
2.071443503988036963e-02
-8.969821634936194985e-03
3.713662935663633591e-02
4.457509999710730642e-02
3.510807383439304430e-02
-1.066323914845537651e-01
2.432682205139129195e-02
1.542464115035225951e-02
-2.847813383353516069e-04
-8.142633242067753852e-02
-9.941304557950476906e-02
-7.346597301914890854e-02
1.155991685004598320e-02
3.104628467234876732e-02
7.153242667809224520e-02
4.470402693212458672e-02
-2.438023793855423615e-01
2.890934197186651247e-02
2.184108780650709583e-02
2.194733847021307360e-02
7.115160955184278435e-02
-9.962621216752428135e-03
1.839681309863735181e-01
-1.179515880623735330e-01
-3.110627396269477485e-02
3.812943866115439673e-02
-3.731988216732887598e-03
2.741603715939901903e-02
-1.708952090288455919e-02
1.049244510895020882e-01
3.982937389901868019e-02
5.496582599088994242e-02
2.316237717465384482e-02
5.311724605462805893e-02
-2.457133296163538805e-03
-1.041142581354593671e-01
1.090899637703461600e-02
-1.824280494479224579e-02
3.463945151453743515e-02
1.409901870228422727e-01
9.259884318463909580e-02
-2.228415046815588607e-01
-5.908119240084118429e-02
7.958724486747403848e-02
1.493859698891961303e-02
-4.736042679548124745e-02
4.583453894070259327e-02
2.791666085922463528e-03
1.367663798809137278e-02
1.147660560885580688e-01
-1.147660560885580688e-01
-1.258724189605916477e-01
-8.755195561641385127e-02
-1.246983391556299725e-01
9.941105830775611493e-04
-1.191037351061707876e-04
1.090713889773861980e-02
-3.753079360906722787e-03
2.955726726227031302e-03
3.693934273682526054e-02
1.508175146828431672e-02
-4.309549462750574163e-03
9.032285933224328683e-03
-3.383187589674237564e-03
3.487605660350679565e-02
-6.646212980683277073e-03
-3.593655384023448311e-03
-9.260589294146743047e-03
-1.176950990723776630e-03
-8.278695326026661375e-03
-1.940443048204862353e-02
8.507792045285239232e-03
5.488187421513137168e-03
-1.376272644950524322e-02
-8.072243270722151073e-03
-3.136065429020484015e-03
-1.178282191197481572e-02
-1.154520811280125353e-03
-2.574224488956949539e-02
-6.238490302709735064e-03
1.761653652478837803e-02
1.915820430103534061e-02
5.582698788909792181e-03
1.132427596786311601e-02
-8.134823583303108299e-03
1.328226201322947435e-02
-6.849949183456721311e-03
2.318015130533058413e-03
1.199142882071793995e-02
9.961259479601407285e-03
1.543335334315907963e-02
-1.503491325262796066e-02
-4.664066475500491110e-03
1.451318390933676455e-02
-9.079980522551279673e-03
-2.231471808448227696e-03
